0 0.846996998355555 1712648153886 
1 0.48393486990110457 1712648153887 
2 0.21486360775987312 1712648153887 
3 0.22903769754425984 1712648153887 
4 0.8146319227103804 1712648153887 
5 0.04933832890057288 1712648153887 
6 0.7314807658129088 1712648153887 
7 0.9189780189795043 1712648153887 
8 0.9599561271023802 1712648153887 
9 0.1929005606151215 1712648153887 
10 0.5592284556327902 1712648153887 
11 0.713668350586558 1712648153887 
12 0.33406930236183086 1712648153887 
13 0.10139512771660497 1712648153887 
14 0.8092255011903693 1712648153887 
15 0.9885218347550333 1712648153887 
16 0.12008692910738805 1712648153887 
17 0.6106141209029741 1712648153887 
18 0.47132217617740935 1712648153887 
19 0.9097324666180202 1712648153887 
20 0.43602502337982707 1712648153887 
21 0.47912681001458934 1712648153887 
22 0.4405806539556798 1712648153887 
23 0.13721467985564773 1712648153887 
24 0.2660578600863579 1712648153887 
25 0.7407172744338499 1712648153887 
26 0.12154327641282747 1712648153887 
27 0.7560517057101774 1712648153887 
28 0.6074585044187228 1712648153887 
29 0.6979558359087912 1712648153887 
30 0.29419867810761335 1712648153887 
31 0.3323407978342958 1712648153887 
32 0.3604121515657266 1712648153887 
33 0.3294240669394515 1712648153887 
34 0.7778931628906756 1712648153887 
35 0.30082379209422827 1712648153887 
36 0.5303707187430093 1712648153887 
37 0.23171948715249613 1712648153887 
38 0.7198189519436347 1712648153887 
39 0.9583410575331657 1712648153887 
40 0.6928859932577869 1712648153887 
41 0.5947143864072941 1712648153887 
42 0.8044006697362889 1712648153887 
43 0.5715936159283439 1712648153887 
44 0.48218597695520726 1712648153887 
45 0.7246888059421501 1712648153887 
46 0.8252455078592618 1712648153887 
47 0.6378782734058621 1712648153887 
48 0.09314661091954202 1712648153887 
49 0.9310963576709215 1712648153887 
50 0.972038865707578 1712648153887 
51 0.3678516487713306 1712648153887 
52 0.5811779732835844 1712648153887 
53 0.006588315264154598 1712648153887 
54 0.5736166274856578 1712648153887 
55 0.3366273368486896 1712648153887 
56 0.3664724347854562 1712648153887 
57 0.04039657193696167 1712648153887 
58 0.11625984789374666 1712648153887 
59 0.2203949913375638 1712648153887 
60 0.35575252712158734 1712648153887 
61 0.514733896003227 1712648153887 
62 0.01868901966304848 1712648153887 
63 0.4976682627643074 1712648153887 
64 0.6914966489163461 1712648153887 
65 0.5260909503823956 1712648153887 
66 0.807187792400847 1712648153887 
67 0.18113594051276416 1712648153887 
68 0.17713496724525735 1712648153887 
69 0.7946814040013186 1712648153887 
70 0.7755299958550623 1712648153887 
71 0.1485408749429047 1712648153887 
72 0.644105823906179 1712648153887 
73 0.5615834058871172 1712648153887 
74 0.6861217638984851 1712648153887 
75 0.8696458334002908 1712648153887 
76 0.6721151904406779 1712648153887 
77 0.7843111429356375 1712648153887 
78 0.7897924999283941 1712648153887 
79 0.013891936005445915 1712648153887 
80 0.4836513634969386 1712648153887 
81 0.8200559214199927 1712648153887 
82 0.15374249843490873 1712648153887 
83 0.5444051613646783 1712648153887 
84 0.7032539956520334 1712648153887 
85 0.4369794505394957 1712648153887 
86 0.31247515425573824 1712648153887 
87 0.6579062381336385 1712648153887 
88 0.6355210864624419 1712648153887 
89 0.2162022877091987 1712648153887 
90 0.9461976773213987 1712648153887 
91 0.9683132406790402 1712648153887 
92 0.05549002249239554 1712648153887 
93 0.49660879697743754 1712648153887 
94 0.696083517352051 1712648153887 
95 0.7301345430191244 1712648153887 
96 0.12087703783134174 1712648153887 
97 0.8550207014070863 1712648153887 
98 0.839337357694353 1712648153887 
99 0.4551455344628579 1712648153887 
100 0.04771598355357809 1712648153887 
101 0.9217985362224028 1712648153887 
102 0.11567532751625942 1712648153887 
103 0.8410686409154495 1712648153887 
104 0.5313322855102056 1712648153887 
105 0.7416795355015362 1712648153887 
106 0.6212181648369097 1712648153887 
107 0.06670596626127945 1712648153887 
108 0.07347042711115392 1712648153887 
109 0.8200601126048146 1712648153887 
110 0.1419576292222824 1712648153887 
111 0.9502037796061464 1712648153887 
112 0.6784341906794431 1712648153887 
113 0.9398321725705825 1712648153887 
114 0.4624668561466432 1712648153887 
115 0.967380934094596 1712648153887 
116 0.18282850788072258 1712648153887 
117 0.3086131319482075 1712648153887 
118 0.09125083245563137 1712648153887 
119 0.6893472560410616 1712648153887 
120 0.2961217076150102 1712648153887 
121 0.6511142687390892 1712648153887 
122 0.6006410665034356 1712648153887 
123 0.2918580127222523 1712648153887 
124 0.07233342618690242 1712648153887 
125 0.8215304065901732 1712648153887 
126 0.35918445662585397 1712648153887 
127 0.28504797875383336 1712648153887 
128 0.9499855584875492 1712648153887 
129 0.3460918248749023 1712648153887 
130 0.5022146903107241 1712648153887 
131 0.11852690874359473 1712648153887 
132 0.2233088798464702 1712648153887 
133 0.12413087148544122 1712648153887 
134 0.16314101926082225 1712648153887 
135 0.05537774793936778 1712648153887 
136 0.8338625368609234 1712648153887 
137 0.020463093373590535 1712648153887 
138 0.32679301683276285 1712648153887 
139 0.20857887153558696 1712648153887 
140 0.6337204896670636 1712648153887 
141 0.8179385989111143 1712648153887 
142 0.5083103112397926 1712648153887 
143 0.7897750853633869 1712648153887 
144 0.9236720374243366 1712648153887 
145 0.4256574263209243 1712648153887 
146 0.7043714769312708 1712648153887 
147 0.7895274249463471 1712648153887 
148 0.7555923159844165 1712648153887 
149 0.7196573853934018 1712648153887 
150 0.0008850663129209568 1712648153887 
151 0.04120346277594633 1712648153887 
152 0.11021615122702766 1712648153887 
153 0.2520682021221228 1712648153887 
154 0.6216661648741655 1712648153887 
155 0.7667508255320776 1712648153887 
156 0.9155041804517432 1712648153887 
157 0.9196854556924301 1712648153887 
158 0.7799303264027471 1712648153887 
159 0.4935559418531381 1712648153887 
160 0.857478426048637 1712648153887 
161 0.04198356689658933 1712648153887 
162 0.04335389758772612 1712648153887 
163 0.0064936876583503444 1712648153887 
164 0.5821216850113715 1712648153887 
165 0.5651834029775475 1712648153887 
166 0.6502813863678831 1712648153887 
167 0.06291987318505399 1712648153887 
168 0.47774550885980904 1712648153887 
169 0.5999473276316607 1712648153887 
170 0.7409919940009007 1712648153887 
171 0.022290841478558754 1712648153887 
172 0.9609371786843495 1712648153887 
173 0.5955471285826524 1712648153887 
174 0.488580473046728 1712648153887 
175 0.9015848653660636 1712648153887 
176 0.4121186669745929 1712648153887 
177 0.8800162589289364 1712648153887 
178 0.024631924239929992 1712648153887 
179 0.6889964749072484 1712648153887 
180 0.6605501320261644 1712648153887 
181 0.8289291622631765 1712648153887 
182 0.7222429242860111 1712648153887 
183 0.715151650722432 1712648153887 
184 0.6311422206386701 1712648153887 
185 0.8999494243866648 1712648153887 
186 0.26852333699262565 1712648153887 
187 0.4040084805814037 1712648153887 
188 0.22738100304080633 1712648153887 
189 0.43984319910125613 1712648153887 
190 0.08525030291440028 1712648153887 
191 0.9644584151354492 1712648153887 
192 0.3877803963251505 1712648153887 
193 0.06878345891116977 1712648153887 
194 0.780099357207231 1712648153887 
195 0.02798853117104083 1712648153887 
196 0.10854528627380367 1712648153887 
197 0.7184508643398799 1712648153887 
198 0.40483162343780976 1712648153887 
199 0.7779585232043247 1712648153887 
200 0.5939941669841013 1712648153887 
201 0.6465607857051343 1712648153887 
202 0.7004596659759021 1712648153887 
203 0.016066559955401738 1712648153887 
204 0.9938071114736149 1712648153887 
205 0.796237253410466 1712648153887 
206 0.17299331443291632 1712648153887 
207 0.9627816760472689 1712648153887 
208 0.900600223213184 1712648153887 
209 0.5717210185996968 1712648153887 
210 0.24962118790226118 1712648153887 
211 0.6974641230012215 1712648153887 
212 0.9066519017510399 1712648153887 
213 0.5636269798826707 1712648153887 
214 0.30959334553735984 1712648153887 
215 0.8264396249318966 1712648153887 
216 0.586657648439443 1712648153887 
217 0.9815644915094277 1712648153887 
218 0.8985659533075316 1712648153887 
219 0.7724748666210193 1712648153887 
220 0.5210486234498306 1712648153887 
221 0.21214037711146982 1712648153887 
222 0.700285315702972 1712648153887 
223 0.39969895936129873 1712648153887 
224 0.5749267666710824 1712648153887 
225 0.3236172979889218 1712648153887 
226 0.2198740214793904 1712648153887 
227 0.48711169796720677 1712648153887 
228 0.07796077014050029 1712648153887 
229 0.8924294166209861 1712648153887 
230 0.29289457084113635 1712648153887 
231 0.5898462801944737 1712648153887 
232 0.6012485344254752 1712648153887 
233 0.027684335591542597 1712648153887 
234 0.6568962590957563 1712648153887 
235 0.734250912812981 1712648153887 
236 0.5253675680795642 1712648153887 
237 0.28352707117397125 1712648153887 
238 0.23104249956436207 1712648153887 
239 0.26135840329692916 1712648153887 
240 0.9476826839792409 1712648153887 
241 0.08613129262787012 1712648153887 
242 0.4500699749339476 1712648153887 
243 0.37159016454052507 1712648153887 
244 0.23663390451722943 1712648153887 
245 0.9385461304050056 1712648153887 
246 0.1561741731927988 1712648153887 
247 0.8736048974595945 1712648153887 
248 0.1262374930355492 1712648153887 
249 0.7257768242733877 1712648153887 
250 0.6003755331910401 1712648153887 
251 0.1621141480262942 1712648153887 
252 0.030878152621194532 1712648153887 
253 0.12885153973829455 1712648153887 
254 0.5411603066943631 1712648153887 
255 0.050954062255350596 1712648153887 
256 0.376053728884024 1712648153887 
257 0.09425654177599019 1712648153887 
258 0.15446512398016266 1712648153887 
259 0.9197131194386725 1712648153887 
260 0.039128515398963115 1712648153887 
261 0.04917954554813697 1712648153887 
262 0.6807884764192542 1712648153887 
263 0.4948694540375018 1712648153887 
264 0.07589480445741259 1712648153887 
265 0.5199780356477179 1712648153887 
266 0.7204264617121585 1712648153887 
267 0.13585819290731482 1712648153887 
268 0.3808773733528936 1712648153887 
269 0.06751767641663386 1712648153887 
270 0.8262396619205847 1712648153887 
271 0.871663465123792 1712648153887 
272 0.8749570638684554 1712648153887 
273 0.8409836104015824 1712648153887 
274 0.6072513553140997 1712648153887 
275 0.5996275943461391 1712648153887 
276 0.8139389542260349 1712648153887 
277 0.9864042649781319 1712648153887 
278 0.8905309211176231 1712648153887 
279 0.9458556088478691 1712648153887 
280 0.3511561491742725 1712648153887 
281 0.7078855181778216 1712648153887 
282 0.18411860053437157 1712648153887 
283 0.05447239796231118 1712648153887 
284 0.6237085747867377 1712648153887 
285 0.5359336265392003 1712648153887 
286 0.6085012617388175 1712648153887 
287 0.766248087799936 1712648153887 
288 0.9177825102188713 1712648153887 
289 0.6422888686465917 1712648153887 
290 0.10858623186261473 1712648153887 
291 0.7972509207788259 1712648153887 
292 0.2470269095676958 1712648153887 
293 0.7972361143662767 1712648153887 
294 0.1306527640417816 1712648153887 
295 0.6912599045677001 1712648153887 
296 0.913255985970757 1712648153887 
297 0.8896493590390235 1712648153887 
298 0.9256343725090903 1712648153887 
299 0.04141640927277779 1712648153887 
300 0.6665000081772405 1712648153887 
301 0.9417528291580488 1712648153887 
302 0.5445142765173356 1712648153887 
303 0.7882135751344739 1712648153887 
304 0.5141929094953648 1712648153887 
305 0.312586439045786 1712648153887 
306 0.6096902264749737 1712648153887 
307 0.07497654814651766 1712648153887 
308 0.2985666707602035 1712648153887 
309 0.800128409425132 1712648153887 
310 0.6888127554805312 1712648153887 
311 0.009838401354086646 1712648153887 
312 0.23479599449094413 1712648153887 
313 0.6523981809675488 1712648153887 
314 0.5997850906929865 1712648153887 
315 0.8356588982964546 1712648153887 
316 0.8072188509467737 1712648153887 
317 0.8507264566167176 1712648153887 
318 0.831171484510353 1712648153887 
319 0.045376780710773224 1712648153887 
320 0.39554163394723196 1712648153887 
321 0.2152574801124616 1712648153887 
322 0.9220766715374398 1712648153887 
323 0.012441497399963808 1712648153887 
324 0.12020587264819027 1712648153887 
325 0.8928645818820748 1712648153887 
326 0.6488936377183145 1712648153887 
327 0.8873824633856158 1712648153887 
328 0.4779842195195352 1712648153887 
329 0.6979059185249084 1712648153887 
330 0.08357070272971434 1712648153887 
331 0.44882092865131273 1712648153887 
332 0.7559436140667835 1712648153887 
333 0.010670387119674274 1712648153887 
334 0.9045930079551565 1712648153887 
335 0.7197895485086379 1712648153887 
336 0.41076042826352466 1712648153887 
337 0.788909089093311 1712648153887 
338 0.9944587192856227 1712648153887 
339 0.08269371198977105 1712648153887 
340 0.4618813532908639 1712648153887 
341 0.12559166699115853 1712648153887 
342 0.2794281326126551 1712648153887 
343 0.48599709373253086 1712648153887 
344 0.5946342516021639 1712648153887 
345 0.38091212781860717 1712648153887 
346 0.6576913976542482 1712648153887 
347 0.6380236644925199 1712648153887 
348 0.11286343258582532 1712648153887 
349 0.2637990695531076 1712648153887 
350 0.5445754323258132 1712648153887 
351 0.6978138062451573 1712648153887 
352 0.017598776750460177 1712648153887 
353 0.6039518326260502 1712648153887 
354 0.10772758980154151 1712648153887 
355 0.026265803581771108 1712648153887 
356 0.8981837000501498 1712648153887 
357 0.7511254712584698 1712648153887 
358 0.07206466413544788 1712648153887 
359 0.07389101424265254 1712648153887 
360 0.6162154215127955 1712648153887 
361 0.5406476283922856 1712648153887 
362 0.7040118740946859 1712648153887 
363 0.3913977567267961 1712648153887 
364 0.009712674866621862 1712648153887 
365 0.6700381998845135 1712648153887 
366 0.8162516919229723 1712648153887 
367 0.6747343352928914 1712648153887 
368 0.4798272878896721 1712648153887 
369 0.5828175858431879 1712648153887 
370 0.8492381826538717 1712648153887 
371 0.5775734035120996 1712648153887 
372 0.6307945157312778 1712648153887 
373 0.259162478600103 1712648153887 
374 0.5930364676506368 1712648153887 
375 0.5879401280727763 1712648153887 
376 0.9152912995823868 1712648153887 
377 0.27285781178492696 1712648153887 
378 0.5765389483765093 1712648153887 
379 0.9645345363130338 1712648153887 
380 0.9891566747298806 1712648153887 
381 0.21025660541186286 1712648153887 
382 0.40434475960768457 1712648153887 
383 0.33707356643957165 1712648153887 
384 0.0978249552228847 1712648153887 
385 0.6846548292469448 1712648153887 
386 0.4205336411956404 1712648153887 
387 0.17961489087384974 1712648153887 
388 0.21590369245404628 1712648153887 
389 0.21757974338294317 1712648153887 
390 0.5705579011231372 1712648153887 
391 0.5066573787903916 1712648153887 
392 0.47262327901539636 1712648153887 
393 0.7880910861016464 1712648153887 
394 0.7308255481379577 1712648153887 
395 0.9304146305524486 1712648153888 
396 0.6709734196702359 1712648153888 
397 0.5056779108116953 1712648153888 
398 0.48320142227011087 1712648153888 
399 0.40676886723202754 1712648153888 
400 0.9242217536245054 1712648153888 
401 0.6819569068888065 1712648153888 
402 0.9282761438204392 1712648153888 
403 0.9033758214004157 1712648153888 
404 0.25853994898997557 1712648153888 
405 0.24819595874140732 1712648153888 
406 0.2653981737520681 1712648153888 
407 0.9412999807424318 1712648153888 
408 0.2710457995621254 1712648153888 
409 0.16333503848409991 1712648153888 
410 0.9698522784658057 1712648153888 
411 0.2632809369795819 1712648153888 
412 0.13480861190476445 1712648153888 
413 0.20026914152610886 1712648153888 
414 0.5244568099820008 1712648153888 
415 0.8878482982041156 1712648153888 
416 0.6208450775144085 1712648153888 
417 0.9629113130009779 1712648153888 
418 0.9912733536526428 1712648153888 
419 0.04916715986372577 1712648153888 
420 0.37025126051343316 1712648153888 
421 0.27105642447199507 1712648153888 
422 0.9748049835468566 1712648153888 
423 0.5929262839008511 1712648153888 
424 0.701402290625958 1712648153888 
425 0.3315287160696627 1712648153888 
426 0.476383521520346 1712648153888 
427 0.300887987100833 1712648153888 
428 0.834828958508242 1712648153888 
429 0.7308558391681939 1712648153888 
430 0.7911248971524407 1712648153888 
431 0.011035615253526476 1712648153888 
432 0.4873064405190555 1712648153888 
433 0.22437110887308664 1712648153888 
434 0.7317742104165801 1712648153888 
435 0.9622101133987302 1712648153888 
436 0.72362255501797 1712648153888 
437 0.33061648710164104 1712648153888 
438 0.01793681506374023 1712648153888 
439 0.33258962867053254 1712648153888 
440 0.33885109753057274 1712648153888 
441 0.17992355561923645 1712648153888 
442 0.4907689118167442 1712648153888 
443 0.8267013430866725 1712648153888 
444 0.06196792510455018 1712648153888 
445 0.9406948297666711 1712648153888 
446 0.12006639022835497 1712648153888 
447 0.8007780474480832 1712648153888 
448 0.5941024722610286 1712648153888 
449 0.8296751373971203 1712648153888 
450 0.606733303110494 1712648153888 
451 0.33731247178629675 1712648153888 
452 0.13616763792246056 1712648153888 
453 0.1013358148936978 1712648153888 
454 0.13230885330294928 1712648153888 
455 0.3698368549856228 1712648153888 
456 0.2856979623045477 1712648153888 
457 0.7180939467419463 1712648153888 
458 0.011753796579267117 1712648153888 
459 0.7305861785146333 1712648153888 
460 0.8197016016680656 1712648153888 
461 0.17553869175102288 1712648153888 
462 0.842565079492108 1712648153888 
463 0.6749805619651417 1712648153888 
464 0.6264035530077254 1712648153888 
465 0.7199780590599407 1712648153888 
466 0.20294036528578818 1712648153888 
467 0.6676362907927471 1712648153888 
468 0.7784797392449578 1712648153888 
469 0.8958508414035082 1712648153888 
470 0.11147442394132323 1712648153888 
471 0.1764453449069674 1712648153888 
472 0.3459264529750061 1712648153888 
473 0.6094872847357238 1712648153888 
474 0.2915768093323299 1712648153888 
475 0.8816160220055869 1712648153888 
476 0.4443547552586966 1712648153888 
477 0.43171524952781226 1712648153888 
478 0.2613419730379951 1712648153888 
479 0.16034436479082648 1712648153888 
480 0.33603671096659005 1712648153888 
481 0.6018793457736262 1712648153888 
482 0.4950464603779847 1712648153888 
483 0.8118618929179511 1712648153888 
484 0.44613608873773236 1712648153888 
485 0.35424672407021474 1712648153888 
486 0.6731080435179926 1712648153888 
487 0.3029067197132269 1712648153888 
488 0.8331241852653541 1712648153888 
489 0.6432801766252765 1712648153888 
490 0.3649573533407602 1712648153888 
491 0.18666933013112064 1712648153888 
492 0.6956271830439473 1712648153888 
493 0.8239201676063916 1712648153888 
494 0.4676261056712965 1712648153888 
495 0.6544040454853217 1712648153888 
496 0.2834002490815035 1712648153888 
497 0.9969377593311783 1712648153888 
498 0.49969301014790357 1712648153888 
499 0.6344980163021852 1712648153888 
500 0.6311644893540329 1712648153888 
501 0.021406892002043598 1712648153888 
502 0.4351291412274283 1712648153888 
503 0.1930358835753212 1712648153888 
504 0.2696949369360915 1712648153888 
505 0.6445770046606398 1712648153888 
506 0.4836645852069845 1712648153888 
507 0.7042770882114922 1712648153888 
508 0.26713198980784414 1712648153888 
509 0.8570503198109063 1712648153888 
510 0.40096544922653976 1712648153888 
511 0.2972973519244897 1712648153888 
512 0.24841118802021933 1712648153888 
513 0.6351554690177954 1712648153888 
514 0.18911882368449273 1712648153888 
515 0.3823239743581559 1712648153888 
516 0.10209993067653689 1712648153888 
517 0.16225711370737028 1712648153888 
518 0.8200329403755557 1712648153888 
519 0.31923111242461877 1712648153888 
520 0.9085501920243535 1712648153888 
521 0.10192795247747033 1712648153888 
522 0.6090200438221132 1712648153888 
523 0.3934852952452026 1712648153888 
524 0.7508316335246321 1712648153888 
525 0.22383578017056727 1712648153888 
526 0.1176334504971821 1712648153888 
527 0.1613227194685951 1712648153888 
528 0.5632419173522238 1712648153888 
529 0.5007177858273886 1712648153888 
530 0.03398967938131481 1712648153888 
531 0.962873160319027 1712648153888 
532 0.5017184609272889 1712648153888 
533 0.2100760060310849 1712648153888 
534 0.6617254152981258 1712648153888 
535 0.6074764761770466 1712648153888 
536 0.5982312763825646 1712648153888 
537 0.049846059825627176 1712648153888 
538 0.3194973190215946 1712648153888 
539 0.47902419029810006 1712648153888 
540 0.4245603418752273 1712648153888 
541 0.4395081282368172 1712648153888 
542 0.489721224385381 1712648153888 
543 0.6021304838231729 1712648153888 
544 0.13182661252443473 1712648153888 
545 0.779144226078597 1712648153888 
546 0.203820684414449 1712648153888 
547 0.34451468820416875 1712648153888 
548 0.5095130123387235 1712648153888 
549 0.8071335651862885 1712648153888 
550 0.0811993293580362 1712648153888 
551 0.9617338387132146 1712648153888 
552 0.21308694241797355 1712648153888 
553 0.01850041934264479 1712648153888 
554 0.5661840004647336 1712648153888 
555 0.8076465551507146 1712648153888 
556 0.5792468536986439 1712648153888 
557 0.6328653062431733 1712648153888 
558 0.6263699038302963 1712648153888 
559 0.4128246810074858 1712648153888 
560 0.674848961275798 1712648153888 
561 0.5872296482426274 1712648153888 
562 0.993208857640145 1712648153888 
563 0.1467455986556523 1712648153888 
564 0.5602733291408295 1712648153888 
565 0.10430749519716209 1712648153888 
566 0.29655812597507203 1712648153888 
567 0.8619224494287143 1712648153888 
568 0.00318260100368728 1712648153888 
569 0.6552016119481221 1712648153888 
570 0.7955765038521789 1712648153888 
571 0.7455012587755738 1712648153888 
572 0.9046471802958165 1712648153888 
573 0.4525046546926481 1712648153888 
574 0.41688871335793953 1712648153888 
575 0.1983145678729934 1712648153888 
576 0.34816381523131 1712648153888 
577 0.9444906737178382 1712648153888 
578 0.9516174027048796 1712648153888 
579 0.23073544785152822 1712648153888 
580 0.9283569032065824 1712648153888 
581 0.8517092525439924 1712648153888 
582 0.4263146345105966 1712648153888 
583 0.09689863766363138 1712648153888 
584 0.5206003117684259 1712648153888 
585 0.4589156997160979 1712648153888 
586 0.7551701299086937 1712648153888 
587 0.15098125606758606 1712648153888 
588 0.0710974884121025 1712648153888 
589 0.5102076186033877 1712648153888 
590 0.8598312496654359 1712648153888 
591 0.9103338381002992 1712648153888 
592 0.5070314057421694 1712648153888 
593 0.9479349378607753 1712648153888 
594 0.6753264514356545 1712648153888 
595 0.5334164904274428 1712648153888 
596 0.33928328133445174 1712648153888 
597 0.03602228659668927 1712648153888 
598 0.5066577039396734 1712648153888 
599 0.2883630699343338 1712648153888 
600 0.7960944192796269 1712648153888 
601 0.6301801369078033 1712648153888 
602 0.5191421427187988 1712648153888 
603 0.31847220109640895 1712648153888 
604 0.8888379591145676 1712648153888 
605 0.018685068362776835 1712648153888 
606 0.5942824480025475 1712648153888 
607 0.48836754352582545 1712648153888 
608 0.3419009086826521 1712648153888 
609 0.9673673944307686 1712648153888 
610 0.8083926955317804 1712648153888 
611 0.15943098884569795 1712648153888 
612 0.8176771660538658 1712648153888 
613 0.1691331652964514 1712648153888 
614 0.9308786486825005 1712648153888 
615 0.3435303657091002 1712648153888 
616 0.47059032403794454 1712648153888 
617 0.6133337852268574 1712648153888 
618 0.38057345342323456 1712648153888 
619 0.07675229747887324 1712648153888 
620 0.6137620135358646 1712648153888 
621 0.6557859374885961 1712648153888 
622 0.9320434128829862 1712648153888 
623 0.02450863236644718 1712648153888 
624 0.013515105313860909 1712648153888 
625 0.7515634025148497 1712648153888 
626 0.5202024309989028 1712648153888 
627 0.9874702363876149 1712648153888 
628 0.6395596090500568 1712648153888 
629 0.9523552268462228 1712648153888 
630 0.9179097090594268 1712648153888 
631 0.25734667145451495 1712648153888 
632 0.5784685905301226 1712648153888 
633 0.7200557504002403 1712648153888 
634 0.481942455814675 1712648153888 
635 0.23102342713035284 1712648153888 
636 0.24830728761660859 1712648153888 
637 0.2235715675901071 1712648153888 
638 0.5370853616996296 1712648153888 
639 0.6353974430469496 1712648153888 
640 0.31760807110961053 1712648153888 
641 0.7114957274849372 1712648153888 
642 0.08244227731628073 1712648153888 
643 0.45928690893555535 1712648153888 
644 0.08404546466235963 1712648153888 
645 0.6436732731820509 1712648153888 
646 0.4132226521822442 1712648153888 
647 0.14170740977301532 1712648153888 
648 0.7577568946624615 1712648153888 
649 0.7958885645595932 1712648153888 
650 0.5742913006247745 1712648153888 
651 0.7369987834540896 1712648153888 
652 0.052991525386454796 1712648153888 
653 0.002675377567615822 1712648153888 
654 0.04551828214721132 1712648153888 
655 0.9056914955492856 1712648153888 
656 0.46192748576303355 1712648153888 
657 0.7579665573172505 1712648153888 
658 0.07252414843664767 1712648153888 
659 0.3256827014364534 1712648153888 
660 0.08529011351255678 1712648153888 
661 0.7361495471523873 1712648153888 
662 0.00018437657417491593 1712648153888 
663 0.020476785150037147 1712648153888 
664 0.6850947934794924 1712648153888 
665 0.5515397970708265 1712648153888 
666 0.0923651708122184 1712648153888 
667 0.08525783535094744 1712648153888 
668 0.09344864897510075 1712648153888 
669 0.8992661107503883 1712648153888 
670 0.5284654454225677 1712648153888 
671 0.935709900668944 1712648153888 
672 0.6485596666081519 1712648153888 
673 0.23268275804652583 1712648153888 
674 0.9223833613651162 1712648153888 
675 0.2830947189518642 1712648153888 
676 0.5255013866674689 1712648153888 
677 0.7930451659390354 1712648153888 
678 0.2526634992917183 1712648153888 
679 0.28273818073340573 1712648153888 
680 0.9567700606456531 1712648153888 
681 0.1811413256518728 1712648153888 
682 0.1480305191736906 1712648153888 
683 0.9554920192477918 1712648153888 
684 0.45510395150556193 1712648153888 
685 0.9027773621610635 1712648153888 
686 0.5346766838283674 1712648153888 
687 0.3598680737716169 1712648153888 
688 0.5072091022027261 1712648153888 
689 0.2631113075822864 1712648153888 
690 0.5128265925664852 1712648153888 
691 0.9244619816203381 1712648153888 
692 0.6719158607948725 1712648153888 
693 0.8860666316436783 1712648153888 
694 0.5264479853549489 1712648153888 
695 0.4975191481886496 1712648153888 
696 0.17691800967829496 1712648153888 
697 0.0730651918044749 1712648153888 
698 0.21471059743135434 1712648153888 
699 0.606329887864133 1712648153888 
700 0.7430422399038117 1712648153888 
701 0.42388359155276145 1712648153888 
702 0.19039391075495038 1712648153888 
703 0.6780470542914161 1712648153888 
704 0.020258641062155025 1712648153888 
705 0.23003117886206925 1712648153888 
706 0.020956781957542248 1712648153888 
707 0.8945686643643487 1712648153888 
708 0.9075515307670496 1712648153888 
709 0.2732112745981512 1712648153888 
710 0.20226223691727419 1712648153888 
711 0.3601525025525725 1712648153888 
712 0.01341038039284359 1712648153888 
713 0.15212493840533492 1712648153888 
714 0.5878971457114768 1712648153888 
715 0.555013089624111 1712648153888 
716 0.5187950862363542 1712648153888 
717 0.7589734534677148 1712648153888 
718 0.01885905969542523 1712648153888 
719 0.8073605337134089 1712648153888 
720 0.2912572030680607 1712648153888 
721 0.35732279687585344 1712648153888 
722 0.42721825682463543 1712648153888 
723 0.1908783945161634 1712648153888 
724 0.5687737223202989 1712648153888 
725 0.9603565133292287 1712648153888 
726 0.5845328503656388 1712648153888 
727 0.241603656503812 1712648153888 
728 0.10469325758313652 1712648153888 
729 0.4389700104744987 1712648153888 
730 0.11762266824696899 1712648153888 
731 0.10189371761465482 1712648153888 
732 0.755903216799066 1712648153888 
733 0.3942646679816013 1712648153888 
734 0.5764637249506719 1712648153888 
735 0.48880678898363494 1712648153888 
736 0.901006702379662 1712648153888 
737 0.24297364322747006 1712648153888 
738 0.9352321885251729 1712648153888 
739 0.05134568944856732 1712648153888 
740 0.5403265245790445 1712648153888 
741 0.6669085239062487 1712648153888 
742 0.933486080758849 1712648153888 
743 0.9033222957559033 1712648153888 
744 0.09751284928334836 1712648153888 
745 0.478893342045962 1712648153888 
746 0.5599819334248923 1712648153888 
747 0.050877567737287244 1712648153888 
748 0.22443207872963766 1712648153888 
749 0.6307153203610738 1712648153888 
750 0.06101245787454945 1712648153888 
751 0.10348590677010416 1712648153888 
752 0.13644209087461578 1712648153888 
753 0.8227029936668271 1712648153888 
754 0.331547456126408 1712648153888 
755 0.08563847260807167 1712648153888 
756 0.8641048205208066 1712648153888 
757 0.27863926419579843 1712648153888 
758 0.9269699413211321 1712648153888 
759 0.16092974095208312 1712648153888 
760 0.5848772906569015 1712648153888 
761 0.8567103631088815 1712648153888 
762 0.9270492362427689 1712648153888 
763 0.11580671912792351 1712648153888 
764 0.6310950897051397 1712648153888 
765 0.46418747817792894 1712648153888 
766 0.9274878772925841 1712648153888 
767 0.15257629598697142 1712648153888 
768 0.49055543796607504 1712648153888 
769 0.6929458658747856 1712648153888 
770 0.7916691332854855 1712648153888 
771 0.8031416788376102 1712648153888 
772 0.18229498416352352 1712648153888 
773 0.22630975901720585 1712648153888 
774 0.3109350618269031 1712648153888 
775 0.017493897140175685 1712648153888 
776 0.5450077952819905 1712648153888 
777 0.51116693631828 1712648153888 
778 0.0001645131646554887 1712648153888 
779 0.40737055735406136 1712648153888 
780 0.2266852046806871 1712648153888 
781 0.8181602373729173 1712648153888 
782 0.699920576224845 1712648153888 
783 0.5053160055601853 1712648153888 
784 0.04222097655197454 1712648153888 
785 0.4385298471054677 1712648153888 
786 0.5141140190267433 1712648153888 
787 0.5318633895218399 1712648153888 
788 0.9051208402983173 1712648153888 
789 0.9285286078992943 1712648153888 
790 0.6789365596182411 1712648153888 
791 0.9750883252809726 1712648153888 
792 0.9196262058051112 1712648153888 
793 0.6759937703574805 1712648153888 
794 0.8902195270715958 1712648153888 
795 0.11581710880017115 1712648153888 
796 0.2342680421349943 1712648153888 
797 0.22188629143661975 1712648153888 
798 0.32038144077877817 1712648153888 
799 0.392630941369688 1712648153888 
800 0.5959282731803961 1712648153888 
801 0.9537875690269106 1712648153888 
802 0.6698257661703952 1712648153888 
803 0.05458907162298998 1712648153888 
804 0.3995868865372352 1712648153888 
805 0.05381362440732684 1712648153888 
806 0.497722993093892 1712648153888 
807 0.09939556376361813 1712648153888 
808 0.03581862858914886 1712648153888 
809 0.4898739369582257 1712648153888 
810 0.843664960807242 1712648153888 
811 0.9617470934305625 1712648153888 
812 0.29626958542054593 1712648153888 
813 0.13484366210491094 1712648153888 
814 0.6382173049483899 1712648153888 
815 0.4362585462109483 1712648153888 
816 0.9943149323946465 1712648153888 
817 0.5477976934525881 1712648153888 
818 0.10131888616733375 1712648153888 
819 0.916719615172219 1712648153888 
820 0.22671923475734101 1712648153888 
821 0.3843501446550186 1712648153888 
822 0.26411618103829615 1712648153888 
823 0.5470618819635211 1712648153888 
824 0.5357460112861647 1712648153888 
825 0.6039430646753228 1712648153888 
826 0.0657962576418234 1712648153888 
827 0.10485393580885627 1712648153888 
828 0.13287867980375578 1712648153888 
829 0.46927097483759583 1712648153888 
830 0.5846037639108221 1712648153888 
831 0.36301013147202776 1712648153888 
832 0.7313528919673813 1712648153888 
833 0.16715219932802516 1712648153888 
834 0.7995820479749063 1712648153888 
835 0.6772970310852433 1712648153888 
836 0.683624483092085 1712648153888 
837 0.26124075078763953 1712648153888 
838 0.5193981421573366 1712648153888 
839 0.948167348594446 1712648153888 
840 0.007902199536184762 1712648153888 
841 0.4870471414499189 1712648153888 
842 0.7911734227683938 1712648153888 
843 0.42152820425024307 1712648153888 
844 0.290831913736324 1712648153888 
845 0.788449514798141 1712648153888 
846 0.954176004918786 1712648153888 
847 0.5973848875093672 1712648153888 
848 0.9735650520623194 1712648153888 
849 0.3661937994973583 1712648153888 
850 0.9717888069610277 1712648153888 
851 0.011815267847446131 1712648153888 
852 0.10447476874074235 1712648153888 
853 0.4926242118892403 1712648153888 
854 0.9297483612927686 1712648153888 
855 0.07604974667052677 1712648153888 
856 0.6670030763867345 1712648153888 
857 0.10249014363920206 1712648153888 
858 0.8681648293207422 1712648153888 
859 0.11276958539896587 1712648153888 
860 0.6127838335259852 1712648153888 
861 0.40945206993007566 1712648153888 
862 0.9304937246380636 1712648153888 
863 0.9528145143102211 1712648153888 
864 0.31680968998454206 1712648153888 
865 0.6859422984569861 1712648153888 
866 0.29276665506975874 1712648153888 
867 0.49649412671241233 1712648153888 
868 0.48389891443396604 1712648153888 
869 0.14003886614845484 1712648153888 
870 0.2965656611246237 1712648153888 
871 0.0457591281825005 1712648153888 
872 0.454920196980102 1712648153888 
873 0.7996065260090588 1712648153888 
874 0.7076134746327032 1712648153888 
875 0.8169918845878128 1712648153888 
876 0.8251962322982824 1712648153888 
877 0.02085697985703794 1712648153888 
878 0.05660210196947335 1712648153888 
879 0.932133304675232 1712648153888 
880 0.6832644111548993 1712648153888 
881 0.8344672423948398 1712648153888 
882 0.3709833796842079 1712648153888 
883 0.24466499209934267 1712648153888 
884 0.5798100178158514 1712648153888 
885 0.18711310865683672 1712648153888 
886 0.8603791481752685 1712648153888 
887 0.6893725711227789 1712648153888 
888 0.2816348244131759 1712648153888 
889 0.7560531170735103 1712648153888 
890 0.7300776482799209 1712648153888 
891 0.6073822826578399 1712648153888 
892 0.24879743073342864 1712648153888 
893 0.2536722292364597 1712648153888 
894 0.8123602497934224 1712648153888 
895 0.9652705751900748 1712648153888 
896 0.13808568862435755 1712648153888 
897 0.39264717076190814 1712648153888 
898 0.17555432541860339 1712648153888 
899 0.03822127065606651 1712648153888 
900 0.7843748247053459 1712648153888 
901 0.19966017552469872 1712648153888 
902 0.1266602108891306 1712648153888 
903 0.37963526806549197 1712648153888 
904 0.17483632895386725 1712648153888 
905 0.330560100007268 1712648153888 
906 0.8168737484431539 1712648153888 
907 0.31714210877781723 1712648153888 
908 0.6282152091087931 1712648153888 
909 0.46034711796477423 1712648153888 
910 0.6693283907707805 1712648153888 
911 0.466553647973724 1712648153888 
912 0.3072232690452985 1712648153888 
913 0.8862798042628641 1712648153888 
914 0.6395924165719191 1712648153888 
915 0.6035480330998595 1712648153888 
916 0.457745945111139 1712648153888 
917 0.9287383567670053 1712648153888 
918 0.5018105621456845 1712648153888 
919 0.2600627165014271 1712648153888 
920 0.35155541966781967 1712648153888 
921 0.7112758967465536 1712648153888 
922 0.5077792918673467 1712648153888 
923 0.1409965846464618 1712648153888 
924 0.5531872699365601 1712648153888 
925 0.7577816734417002 1712648153888 
926 0.6357767501070934 1712648153888 
927 0.8364489921915337 1712648153888 
928 0.4880988635558259 1712648153888 
929 0.05380840929091768 1712648153888 
930 0.9874098961967295 1712648153888 
931 0.2921574990217237 1712648153888 
932 0.8870996632988253 1712648153888 
933 0.916650565100863 1712648153888 
934 0.3239798970775387 1712648153888 
935 0.8085487441359538 1712648153888 
936 0.9532090909935442 1712648153888 
937 0.024344472570895448 1712648153888 
938 0.09389804779351874 1712648153888 
939 0.5969360502822505 1712648153888 
940 0.592193256715779 1712648153888 
941 0.22920050746656373 1712648153888 
942 0.9447813466695039 1712648153888 
943 0.9295029819520486 1712648153888 
944 0.3338506563339527 1712648153888 
945 0.5342631564743734 1712648153888 
946 0.1741236379047557 1712648153888 
947 0.442897061453124 1712648153888 
948 0.38486757849101716 1712648153888 
949 0.45272664726315504 1712648153888 
950 0.20401598762173268 1712648153888 
951 0.9102766135915785 1712648153888 
952 0.444078406586349 1712648153888 
953 0.6879457424902717 1712648153888 
954 0.547239339746123 1712648153888 
955 0.4621792185856213 1712648153888 
956 0.7742746157748661 1712648153888 
957 0.3648651749829894 1712648153888 
958 0.8297144543493467 1712648153888 
959 0.8407443008412037 1712648153888 
960 0.5189347376199511 1712648153888 
961 0.8352355245923975 1712648153888 
962 0.26243401419172896 1712648153888 
963 0.6998100457014245 1712648153888 
964 0.9137092949249737 1712648153888 
965 0.07962337819485099 1712648153888 
966 0.8599403061372908 1712648153888 
967 0.9675153791473341 1712648153888 
968 0.43073335560351667 1712648153888 
969 0.5296830080671819 1712648153888 
970 0.5407159792701799 1712648153888 
971 0.9308875667551453 1712648153888 
972 0.36167195099599314 1712648153888 
973 0.6757757804149445 1712648153888 
974 0.10075234325577398 1712648153888 
975 0.7167965184396752 1712648153888 
976 0.19095690471254723 1712648153888 
977 0.061450902441804844 1712648153888 
978 0.311216764592781 1712648153888 
979 0.8465232367839721 1712648153888 
980 0.7388030487275061 1712648153888 
981 0.781036333366961 1712648153888 
982 0.7523458871479336 1712648153888 
983 0.49018996678449334 1712648153888 
984 0.9110616840764845 1712648153888 
985 0.02089340292024655 1712648153888 
986 0.30657287039851844 1712648153888 
987 0.11333481507868215 1712648153888 
988 0.9372105284512824 1712648153888 
989 0.771228100874914 1712648153888 
990 0.4885932614967372 1712648153888 
991 0.6279478188265188 1712648153888 
992 0.3828375040694647 1712648153888 
993 0.8234433010472633 1712648153888 
994 0.8891849906312193 1712648153888 
995 0.9284788206502959 1712648153888 
996 0.10079706826348911 1712648153888 
997 0.2520458348944228 1712648153888 
998 0.5287872394936832 1712648153888 
